A: 0.008830
B: 0.001104
C: 0.001104
D: 0.037528
E: 0.004415
F: 0.034216
G: 0.025386
H: 0.075055
I: 0.013245
J: 0.067329
K: 0.027594
L: 0.013245
M: 0.032009
N: 0.055188
O: 0.047461
P: 0.001104
Q: 0.108168
R: 0.014349
S: 0.002208
T: 0.016556
U: 0.016556
V: 0.058499
W: 0.051876
X: 0.047461
Y: 0.015453
Z: 0.011038